Model 0.0
	0.0693252 0.0916383 -0.993376 1473.46
	-0.244198 0.967036 0.0721665 -100.065
	0.967244 0.237577 0.0894179 2459.29
Model 1.0
	0.0693252 0.0916383 -0.993376 1473.46
	-0.244198 0.967036 0.0721665 -100.065
	0.967244 0.237577 0.0894179 2459.29
Model 3.0
	0.0693252 0.0916383 -0.993376 1473.46
	-0.244198 0.967036 0.0721665 -100.065
	0.967244 0.237577 0.0894179 2459.29
Model 4.0
	0.0693252 0.0916383 -0.993376 1473.46
	-0.244198 0.967036 0.0721665 -100.065
	0.967244 0.237577 0.0894179 2459.29
Model 6.0
	0.0693252 0.0916383 -0.993376 1473.46
	-0.244198 0.967036 0.0721665 -100.065
	0.967244 0.237577 0.0894179 2459.29
Model 7.0
	0.0693252 0.0916383 -0.993376 1473.46
	-0.244198 0.967036 0.0721665 -100.065
	0.967244 0.237577 0.0894179 2459.29
Model 8.0
	0.0693252 0.0916383 -0.993376 1473.46
	-0.244198 0.967036 0.0721665 -100.065
	0.967244 0.237577 0.0894179 2459.29
Model 11.0
	0.0693252 0.0916383 -0.993376 1473.46
	-0.244198 0.967036 0.0721665 -100.065
	0.967244 0.237577 0.0894179 2459.29
Model 15.0
	0.0693252 0.0916383 -0.993376 1473.46
	-0.244198 0.967036 0.0721665 -100.065
	0.967244 0.237577 0.0894179 2459.29
Model 17.0
	0.0693252 0.0916383 -0.993376 1473.46
	-0.244198 0.967036 0.0721665 -100.065
	0.967244 0.237577 0.0894179 2459.29
Model 18.0
	0.0693252 0.0916383 -0.993376 1473.46
	-0.244198 0.967036 0.0721665 -100.065
	0.967244 0.237577 0.0894179 2459.29
Model 19.0
	0.0693252 0.0916383 -0.993376 1473.46
	-0.244198 0.967036 0.0721665 -100.065
	0.967244 0.237577 0.0894179 2459.29
Model 20.0
	0.0693252 0.0916383 -0.993376 1473.46
	-0.244198 0.967036 0.0721665 -100.065
	0.967244 0.237577 0.0894179 2459.29
Model 21.0
	0.0693252 0.0916383 -0.993376 1473.46
	-0.244198 0.967036 0.0721665 -100.065
	0.967244 0.237577 0.0894179 2459.29
Model 22.0
	0.0693252 0.0916383 -0.993376 1473.46
	-0.244198 0.967036 0.0721665 -100.065
	0.967244 0.237577 0.0894179 2459.29
Model 23.0
	0.0693252 0.0916383 -0.993376 1473.46
	-0.244198 0.967036 0.0721665 -100.065
	0.967244 0.237577 0.0894179 2459.29
Model 24.0
	0.0693252 0.0916383 -0.993376 1473.46
	-0.244198 0.967036 0.0721665 -100.065
	0.967244 0.237577 0.0894179 2459.29
Model 25.0
	0.0693252 0.0916383 -0.993376 1473.46
	-0.244198 0.967036 0.0721665 -100.065
	0.967244 0.237577 0.0894179 2459.29
Model 26.0
	0.0693252 0.0916383 -0.993376 1473.46
	-0.244198 0.967036 0.0721665 -100.065
	0.967244 0.237577 0.0894179 2459.29
Model 27.0
	0.0693252 0.0916383 -0.993376 1473.46
	-0.244198 0.967036 0.0721665 -100.065
	0.967244 0.237577 0.0894179 2459.29
Model 28.0
	0.0693252 0.0916383 -0.993376 1473.46
	-0.244198 0.967036 0.0721665 -100.065
	0.967244 0.237577 0.0894179 2459.29
Model 29.0
	0.0693252 0.0916383 -0.993376 1473.46
	-0.244198 0.967036 0.0721665 -100.065
	0.967244 0.237577 0.0894179 2459.29
Model 30.0
	0.0693252 0.0916383 -0.993376 1473.46
	-0.244198 0.967036 0.0721665 -100.065
	0.967244 0.237577 0.0894179 2459.29
Model 32.0
	0.0693252 0.0916383 -0.993376 1473.46
	-0.244198 0.967036 0.0721665 -100.065
	0.967244 0.237577 0.0894179 2459.29
Model 33.0
	0.0693252 0.0916383 -0.993376 1473.46
	-0.244198 0.967036 0.0721665 -100.065
	0.967244 0.237577 0.0894179 2459.29
